0 0
118 1.21079192672e-14
119 0.249011043032
120 0.529430658714
121 0.824492166162
122 1.12718803044
123 1.43295238367
124 1.73834956705
125 2.04057783855
126 2.33788510203
127 2.63005643894
128 2.91705913446
129 3.19886241812
130 3.47543739953
131 3.74675700403
132 4.0127959081
133 4.27353047495
134 4.52893869012
135 4.7790000974
136 5.02369573514
137 5.26300807289
138 5.49692094874
139 5.72541950715
140 5.94849013766
141 6.16612041421
142 6.37829903553
143 6.58501576635
144 6.78626137965
145 6.98202759999
146 7.17230704802
147 7.35709318605
148 7.536380265
149 7.7101632725
150 7.87843788239
151 8.04120040552
152 8.198447742
153 8.35013606886
154 8.49604508771
155 8.63594840655
156 8.76967028928
157 8.89707942659
158 9.01808379531
159 9.13262634957
160 9.24068135456
161 9.34225122543
162 9.43736376899
163 9.52606975122
164 9.60844073113
165 9.68456711464
166 9.75455639208
167 9.81853152972
168 9.87662949181
169 9.92899987329
170 9.97580362722
171 10.0172118731
172 10.0534047745
173 10.0845704764
174 10.1109040929
175 10.1326067382
176 10.1498845942
177 10.162948008
178 10.1720106141
179 10.1772884765
180 10.1789992445
181 10.1772884765
182 10.1720106141
183 10.162948008
184 10.1498845942
185 10.1326067382
186 10.1109040929
187 10.0845704764
188 10.0534047745
189 10.0172118731
190 9.97580362722
191 9.92899987329
192 9.87662949181
193 9.81853152972
194 9.75455639208
195 9.68456711464
196 9.60844073113
197 9.52606975122
198 9.43736376899
199 9.34225122543
200 9.24068135456
201 9.13262634957
202 9.01808379531
203 8.89707942659
204 8.76967028928
205 8.63594840655
206 8.49604508771
207 8.35013606886
208 8.198447742
209 8.04120040552
210 7.87843788239
211 7.7101632725
212 7.536380265
213 7.35709318605
214 7.17230704802
215 6.98202759999
216 6.78626137965
217 6.58501576635
218 6.37829903553
219 6.16612041421
220 5.94849013766
221 5.72541950715
222 5.49692094874
223 5.26300807289
224 5.02369573514
225 4.7790000974
226 4.52893869012
227 4.27353047495
228 4.0127959081
229 3.74675700403
230 3.47543739953
231 3.19886241812
232 2.91705913446
233 2.63005643894
234 2.33788510203
235 2.04057783855
236 1.73834956705
237 1.43295238367
238 1.12718803044
239 0.824492166162
240 0.529430658714
241 0.249011043032
242 6.05395953302e-15
360 0
