 6.00000000e+02
 6.00000000e+02
 6.00000000e+02
 6.00000000e+02
 6.00000000e+02
 6.00000000e+02
 6.00000000e+02
 6.00000000e+02
 6.00000000e+02
 6.00000000e+02
 6.00000000e+02
 6.00000000e+02
 6.00000000e+02
 6.00000000e+02
 6.00000000e+02
 6.00000000e+02
 6.00000000e+02
 6.00000000e+02
 6.00000000e+02
 6.00000000e+02
 6.00000000e+02
 6.00000000e+02
 6.00000000e+02
 6.00000000e+02
 6.00000000e+02
 6.00000000e+02
 6.00000000e+02
 6.00000000e+02
 6.00000000e+02
 6.00000000e+02
 6.00000000e+02
 6.00000000e+02
 6.00000000e+02
 6.00000000e+02
 6.00000000e+02
 6.00000000e+02
 6.00000000e+02
 6.00000000e+02
 6.00000000e+02
 6.00000000e+02
 6.00000000e+02
 6.00000000e+02
 6.00000000e+02
 6.00000000e+02
 6.00000000e+02
 6.00000000e+02
 6.00000000e+02
 6.00000000e+02
 6.00000000e+02
 6.00000000e+02
 6.00000000e+02
