 3.31830724e-03
 3.31830724e-03
 3.31830724e-03
 3.31830724e-03
 3.31830724e-03
 3.31830724e-03
 3.31830724e-03
 3.31830724e-03
 3.31830724e-03
 3.31830724e-03
 3.31830724e-03
 3.31830724e-03
 3.31830724e-03
 3.31830724e-03
 3.31830724e-03
 3.31830724e-03
 3.31830724e-03
 3.31830724e-03
 3.31830724e-03
 3.31830724e-03
 3.31830724e-03
 3.31830724e-03
 3.31830724e-03
 3.31830724e-03
 3.31830724e-03
 3.31830724e-03
 3.31830724e-03
 3.31830724e-03
 3.31830724e-03
 3.31830724e-03
 3.31830724e-03
 3.31830724e-03
 3.31830724e-03
 3.31830724e-03
 3.31830724e-03
 3.31830724e-03
 3.31830724e-03
 3.31830724e-03
 3.31830724e-03
 3.31830724e-03
 3.31830724e-03
 3.31830724e-03
 3.31830724e-03
 3.31830724e-03
 3.31830724e-03
 3.31830724e-03
 3.31830724e-03
 3.31830724e-03
 3.31830724e-03
 3.31830724e-03
 3.31830724e-03
