0 0
96 0
97 0.162807260319
98 0.342490962168
99 0.531915278506
100 0.728322388918
101 0.930009428436
102 1.13575514369
103 1.34461081095
104 1.55580193478
105 1.76867478421
106 1.98266436297
107 2.19727383831
108 2.41206061245
109 2.62662649038
110 2.84061049944
111 3.05368349451
112 3.2655440054
113 3.47591497208
114 3.68454112936
115 3.89118687627
116 4.09563451346
117 4.29768276416
118 4.49714551672
119 4.69385183566
120 4.88769291467
121 5.07863497299
122 5.26665094605
123 5.45171514192
124 5.6338032057
125 5.81287749794
126 5.98884032802
127 6.16158587493
128 6.33101822384
129 6.49705082102
130 6.65960597425
131 6.81861439278
132 6.97401476098
133 7.1257533416
134 7.27378360456
135 7.41806587841
136 7.55856702183
137 7.695260113
138 7.82812415505
139 7.95714379614
140 8.08230906272
141 8.20361510506
142 8.32106195394
143 8.43465428774
144 8.54440120932
145 8.65031603189
146 8.75241607354
147 8.85072245969
148 8.94525993337
149 9.03605667265
150 9.12314411499
151 9.20655678831
152 9.28633214824
153 9.3625104215
154 9.43513445513
155 9.50424957116
156 9.56990342675
157 9.63214587938
158 9.69102885703
159 9.74660623303
160 9.79893370548
161 9.84806868101
162 9.8940701627
163 9.93699864196
164 9.97691599427
165 10.0138853785
166 10.0479711395
167 10.0792387145
168 10.107754542
169 10.1335859738
170 10.1568011899
171 10.1774691158
172 10.1956593425
173 10.2114420484
174 10.2248879232
175 10.2360680944
176 10.2450540544
177 10.2519175902
178 10.256730714
179 10.2595655947
180 10.2604944913
181 10.2595655947
182 10.256730714
183 10.2519175902
184 10.2450540544
185 10.2360680944
186 10.2248879232
187 10.2114420484
188 10.1956593425
189 10.1774691158
190 10.1568011899
191 10.1335859738
192 10.107754542
193 10.0792387145
194 10.0479711395
195 10.0138853785
196 9.97691599427
197 9.93699864196
198 9.8940701627
199 9.84806868101
200 9.79893370548
201 9.74660623303
202 9.69102885703
203 9.63214587938
204 9.56990342675
205 9.50424957116
206 9.43513445513
207 9.3625104215
208 9.28633214824
209 9.20655678831
210 9.12314411499
211 9.03605667265
212 8.94525993337
213 8.85072245969
214 8.75241607354
215 8.65031603189
216 8.54440120932
217 8.43465428774
218 8.32106195394
219 8.20361510506
220 8.08230906272
221 7.95714379614
222 7.82812415505
223 7.695260113
224 7.55856702183
225 7.41806587841
226 7.27378360456
227 7.1257533416
228 6.97401476098
229 6.81861439278
230 6.65960597425
231 6.49705082102
232 6.33101822384
233 6.16158587493
234 5.98884032802
235 5.81287749794
236 5.6338032057
237 5.45171514192
238 5.26665094605
239 5.07863497299
240 4.88769291467
241 4.69385183566
242 4.49714551672
243 4.29768276416
244 4.09563451346
245 3.89118687627
246 3.68454112936
247 3.47591497208
248 3.2655440054
249 3.05368349451
250 2.84061049944
251 2.62662649038
252 2.41206061245
253 2.19727383831
254 1.98266436297
255 1.76867478421
256 1.55580193478
257 1.34461081095
258 1.13575514369
259 0.930009428436
260 0.728322388918
261 0.531915278506
262 0.342490962168
263 0.162807260319
264 0
360 0
