0 0
120 0
121 0.204523342945
122 0.423023115357
123 0.648899502709
124 0.879462320691
125 1.11297200067
126 1.34812440448
127 1.58386162212
128 1.81928226412
129 2.05359204193
130 2.28607348957
131 2.51609180239
132 2.7433447691
133 2.96772671377
134 3.18913589088
135 3.40747149774
136 3.62263374598
137 3.83452393208
138 4.04304450705
139 4.24809914514
140 4.4495928115
141 4.64743182879
142 4.84152394266
143 5.03177838603
144 5.21810594212
145 5.40041900624
146 5.57863164627
147 5.75265966174
148 5.92242064154
149 6.08783402022
150 6.24882087061
151 6.40525679035
152 6.55692830706
153 6.7036349948
154 6.84520191898
155 6.98147773753
156 7.11233309876
157 7.23765926355
158 7.35736689891
159 7.47138500327
160 7.57965993342
161 7.68215451036
162 7.77884718615
163 7.86973125802
164 7.95481411881
165 8.03411653514
166 8.10767194652
167 8.17552578012
168 8.23773477659
169 8.29436632396
170 8.34549779653
171 8.39121589701
172 8.43161600003
173 8.466801496
174 8.49688313424
175 8.52197836497
176 8.54221067948
177 8.55770894849
178 8.56860675845
179 8.57504174583
180 8.57715492955
181 8.57504174583
182 8.56860675845
183 8.55770894849
184 8.54221067948
185 8.52197836497
186 8.49688313424
187 8.466801496
188 8.43161600003
189 8.39121589701
190 8.34549779653
191 8.29436632396
192 8.23773477659
193 8.17552578012
194 8.10767194652
195 8.03411653514
196 7.95481411881
197 7.86973125802
198 7.77884718615
199 7.68215451036
200 7.57965993342
201 7.47138500327
202 7.35736689891
203 7.23765926355
204 7.11233309876
205 6.98147773753
206 6.84520191898
207 6.7036349948
208 6.55692830706
209 6.40525679035
210 6.24882087061
211 6.08783402022
212 5.92242064154
213 5.75265966174
214 5.57863164627
215 5.40041900624
216 5.21810594212
217 5.03177838603
218 4.84152394266
219 4.64743182879
220 4.4495928115
221 4.24809914514
222 4.04304450705
223 3.83452393208
224 3.62263374598
225 3.40747149774
226 3.18913589088
227 2.96772671377
228 2.7433447691
229 2.51609180239
230 2.28607348957
231 2.05359204193
232 1.81928226412
233 1.58386162212
234 1.34812440448
235 1.11297200067
236 0.879462320691
237 0.648899502709
238 0.423023115357
239 0.204523342945
240 0
360 0
