 4.00000000e+02
 4.00000000e+02
 4.00000000e+02
 4.00000000e+02
 4.00000000e+02
 4.00000000e+02
 4.00000000e+02
 4.00000000e+02
 4.00000000e+02
 4.00000000e+02
 4.00000000e+02
 4.00000000e+02
 4.00000000e+02
 4.00000000e+02
 4.00000000e+02
 4.00000000e+02
 4.00000000e+02
 4.00000000e+02
 4.00000000e+02
 4.00000000e+02
 4.00000000e+02
 4.00000000e+02
 4.00000000e+02
 4.00000000e+02
 4.00000000e+02
 4.00000000e+02
 4.00000000e+02
 4.00000000e+02
 4.00000000e+02
 4.00000000e+02
 4.00000000e+02
 4.00000000e+02
 4.00000000e+02
 4.00000000e+02
 4.00000000e+02
 4.00000000e+02
 4.00000000e+02
 4.00000000e+02
 4.00000000e+02
 4.00000000e+02
 4.00000000e+02
 4.00000000e+02
 4.00000000e+02
 4.00000000e+02
 4.00000000e+02
 4.00000000e+02
 4.00000000e+02
 4.00000000e+02
 4.00000000e+02
 4.00000000e+02
 4.00000000e+02
